-1 -6
-1 -11
-1 -16
-6 -11
-6 -16
-11 -16
-2 -7
-2 -12
-2 -17
-7 -12
-7 -17
-12 -17
-3 -8
-3 -13
-3 -18
-8 -13
-8 -18
-13 -18
-4 -9
-4 -14
-4 -19
-9 -14
-9 -19
-14 -19
-5 -10
-5 -15
-5 -20
-10 -15
-10 -20
-15 -20
-11 -16
-26 -21
-27 -22
-28 -23
-29 -24
-30 -25
-1 7 12
-2 8 13
-3 9 14
-4 10 15
-6 2
-7 3
-8 4
-9 5
-11 2 17
-12 3 18
-13 4 19
-14 5 20
-16 12 17
-17 13 18
-18 14 19
-19 15 20
-12 26
-13 27
-14 28
-15 29
-21 -7 27
-22 -8 28
-23 -9 29
-24 -10 30
-11 -26
-12 -27
-13 -28
-14 -29
-15 -30
-21 -1 22
-22 -2 23
-23 -3 24
-24 -4 25
-21 -11 22
-22 -12 23
-23 -13 24
-24 -14 25
-21 -16 22
-22 -17 23
-23 -18 24
-24 -19 25
21 -22
22 -23
23 -24
24 -25
21 26 -27
22 27 -28
23 28 -29
24 29 -30
-26 -2 27
-27 -3 28
-28 -4 29
-29 -5 30
-26 -7 27
-27 -8 28
-28 -9 29
-29 -10 30
-26 -17 27
-27 -18 28
-28 -19 29
-29 -20 30
1
20
0
1 At(Start,0)
2 At(Start,1)
3 At(Start,2)
4 At(Start,3)
5 At(Start,4)
6 At(A,0)
7 At(A,1)
8 At(A,2)
9 At(A,3)
10 At(A,4)
11 At(B,0)
12 At(B,1)
13 At(B,2)
14 At(B,3)
15 At(B,4)
16 At(Goal,0)
17 At(Goal,1)
18 At(Goal,2)
19 At(Goal,3)
20 At(Goal,4)
21 Available(Wand,0)
22 Available(Wand,1)
23 Available(Wand,2)
24 Available(Wand,3)
25 Available(Wand,4)
26 Has(Wand,0)
27 Has(Wand,1)
28 Has(Wand,2)
29 Has(Wand,3)
30 Has(Wand,4)